         1  1.00000000000e+000  0.00000000000e+000
         2  1.00000000000e+000  1.00000000000e+000
         3  1.00000000000e+000  1.00000000000e-001
         4  1.00000000000e+000  2.00000000000e-001
         5  1.00000000000e+000  3.00000000000e-001
         6  1.00000000000e+000  4.00000000000e-001
         7  1.00000000000e+000  5.00000000000e-001
         8  1.00000000000e+000  6.00000000000e-001
         9  1.00000000000e+000  7.00000000000e-001
        10  1.00000000000e+000  8.00000000000e-001
        11  1.00000000000e+000  9.00000000000e-001
        12  0.00000000000e+000  1.00000000000e+000
        13  9.00000000000e-001  1.00000000000e+000
        14  8.00000000000e-001  1.00000000000e+000
        15  7.00000000000e-001  1.00000000000e+000
        16  6.00000000000e-001  1.00000000000e+000
        17  5.00000000000e-001  1.00000000000e+000
        18  4.00000000000e-001  1.00000000000e+000
        19  3.00000000000e-001  1.00000000000e+000
        20  2.00000000000e-001  1.00000000000e+000
        21  1.00000000000e-001  1.00000000000e+000
        22  0.00000000000e+000  0.00000000000e+000
        23  0.00000000000e+000  9.00000000000e-001
        24  0.00000000000e+000  8.00000000000e-001
        25  0.00000000000e+000  7.00000000000e-001
        26  0.00000000000e+000  6.00000000000e-001
        27  0.00000000000e+000  5.00000000000e-001
        28  0.00000000000e+000  4.00000000000e-001
        29  0.00000000000e+000  3.00000000000e-001
        30  0.00000000000e+000  2.00000000000e-001
        31  0.00000000000e+000  1.00000000000e-001
        32  1.00000000000e-001  0.00000000000e+000
        33  2.00000000000e-001  0.00000000000e+000
        34  3.00000000000e-001  0.00000000000e+000
        35  4.00000000000e-001  0.00000000000e+000
        36  5.00000000000e-001  0.00000000000e+000
        37  6.00000000000e-001  0.00000000000e+000
        38  7.00000000000e-001  0.00000000000e+000
        39  8.00000000000e-001  0.00000000000e+000
        40  9.00000000000e-001  0.00000000000e+000
        41  9.30209755987e-001  7.03343327036e-002
        42  4.50348282164e-001  6.82966620427e-002
        43  7.03713769171e-002  7.14320599234e-002
        44  7.18359523407e-002  9.29598478296e-001
        45  9.29511901914e-001  9.29464856121e-001
        46  1.62838791232e-001  9.97468505724e-002
        47  8.32924557773e-002  1.59125641154e-001
        48  1.59978426431e-001  9.16809133282e-001
        49  9.17780590161e-001  1.56254661656e-001
        50  1.01084415469e-001  8.37301985168e-001
        51  8.38538908519e-001  9.73752171406e-002
        52  8.36790341248e-001  9.02429039268e-001
        53  9.16108717866e-001  8.43191284764e-001
        54  8.94950991644e-002  7.33343398428e-001
        55  7.34935094951e-001  8.65385272284e-002
        56  7.33019356641e-001  9.14311962910e-001
        57  9.11679593224e-001  7.44672057743e-001
        58  2.66969758565e-001  8.72039333998e-002
        59  8.63183292197e-002  2.60014510696e-001
        60  2.61058508576e-001  9.14435035354e-001
        61  9.14882922479e-001  2.53966013295e-001
        62  3.66273819998e-001  8.40410565401e-002
        63  8.39267610264e-002  3.61293408227e-001
        64  3.62213074078e-001  9.17860398864e-001
        65  9.15172008709e-001  3.51734100575e-001
        66  8.86165403642e-002  6.32604749884e-001
        67  6.34743381686e-001  8.71004719207e-002
        68  6.32698912867e-001  9.15251033401e-001
        69  9.10743927499e-001  6.45753463810e-001
        70  8.41719495754e-002  5.31766914514e-001
        71  5.34738044247e-001  8.40718065520e-002
        72  9.13409909828e-001  5.47506596395e-001
        73  5.32367560808e-001  9.19037315320e-001
        74  2.16989983839e-001  8.29306638121e-001
        75  6.79329703351e-002  4.47318511536e-001
        76  4.47962717612e-001  9.34255330336e-001
        77  9.15780885211e-001  4.49678096818e-001
        78  5.06910782308e-001  4.21050559234e-001
        79  1.73516785317e-001  7.59280965587e-001
        80  1.80052103049e-001  6.69002552692e-001
        81  1.74901818160e-001  5.61947308269e-001
        82  3.26128460997e-001  8.28189729124e-001
        83  4.45906704616e-001  8.44565228360e-001
        84  8.31140321695e-001  2.07221080915e-001
        85  7.61898345356e-001  1.65927996256e-001
        86  6.72716128537e-001  1.74415059982e-001
        87  5.67291226159e-001  1.74053539520e-001
        88  8.27110309840e-001  3.06013443531e-001
        89  8.33233594324e-001  4.01719396547e-001
        90  1.71334919206e-001  2.14267840186e-001
        91  2.41881618149e-001  1.69602573267e-001
        92  3.34782550505e-001  1.74157235954e-001
        93  4.50759125248e-001  1.62158934541e-001
        94  1.74601561649e-001  3.23203067930e-001
        95  1.60962265723e-001  4.43773044678e-001
        96  8.26604923742e-001  7.91724934986e-001
        97  7.57731216067e-001  8.34426240028e-001
        98  6.68007708070e-001  8.28484380896e-001
        99  5.63028747769e-001  8.32889618260e-001
       100  8.19080587059e-001  6.90480042827e-001
       101  8.22597413659e-001  5.90243786446e-001
       102  8.30764937146e-001  4.95616854044e-001
       103  2.75750916212e-001  7.26619264218e-001
       104  7.30859214714e-001  2.60836584135e-001
       105  2.74582586708e-001  2.68460235106e-001
       106  7.22335471411e-001  7.39121993012e-001
       107  7.29304535335e-001  6.28822015091e-001
       108  2.60320654932e-001  3.85695450718e-001
       109  7.45285978220e-001  3.65085255079e-001
       110  3.91755041197e-001  7.47785328163e-001
       111  6.07883623394e-001  7.43386930238e-001
       112  6.16851827838e-001  2.63599919491e-001
       113  2.69077848736e-001  6.08366096852e-001
       114  3.94237351177e-001  2.62506484139e-001
       115  6.47096743761e-001  6.63318355156e-001
       116  3.62913851724e-001  6.49396354804e-001
       117  6.63663273528e-001  3.40117077794e-001
       118  3.46438175287e-001  3.43392585414e-001
       119  2.62375438497e-001  4.96374644599e-001
       120  5.01577309992e-001  7.50037598959e-001
       121  5.06237639419e-001  2.66393091354e-001
       122  7.59556954292e-001  4.47008150321e-001
       123  7.36311694166e-001  5.28788799329e-001
       124  4.51480557246e-001  6.77158194157e-001
       125  3.55874890752e-001  4.37604901487e-001
       126  6.31642898426e-001  5.61044182867e-001
       127  6.63641328025e-001  4.41792354036e-001
       128  3.58865573985e-001  5.43691276185e-001
       129  5.67226308969e-001  3.65364759874e-001
       130  4.47022885673e-001  3.66629622907e-001
       131  5.47007763850e-001  6.48193877081e-001
       132  4.50180637581e-001  5.91081881599e-001
       133  4.55199286966e-001  4.83763928895e-001
       134  5.62870256125e-001  4.71765253237e-001
       135  5.30226798130e-001  5.51876696999e-001
1			40	1	41
2			41	1	3
3			22	32	43
4			22	43	31
5			21	12	44
6			44	12	23
7			11	2	45
8			45	2	13
9			43	32	46
10			46	32	33
11			31	43	47
12			31	47	30
13			21	44	48
14			21	48	20
15			41	3	49
16			49	3	4
17			44	23	50
18			50	23	24
19			40	41	51
20			40	51	39
21			45	13	52
22			52	13	14
23			11	45	53
24			11	53	10
25			50	24	54
26			54	24	25
27			39	51	55
28			39	55	38
29			52	14	56
30			56	14	15
31			10	53	57
32			10	57	9
33			46	33	58
34			58	33	34
35			30	47	59
36			30	59	29
37			20	48	60
38			20	60	19
39			49	4	61
40			61	4	5
41			58	34	62
42			62	34	35
43			29	59	63
44			29	63	28
45			19	60	64
46			19	64	18
47			61	5	65
48			65	5	6
49			54	25	66
50			66	25	26
51			38	55	67
52			38	67	37
53			56	15	68
54			68	15	16
55			9	57	69
56			9	69	8
57			66	26	70
58			70	26	27
59			37	67	71
60			37	71	36
61			8	69	72
62			8	72	7
63			68	16	73
64			73	16	17
65			62	35	42
66			42	35	36
67			28	63	75
68			28	75	27
69			18	64	76
70			18	76	17
71			65	6	77
72			77	6	7
73			27	75	70
74			42	36	71
75			17	76	73
76			7	72	77
77			53	45	52
78			41	49	51
79			44	50	48
80			47	43	46
81			60	48	74
82			74	48	50
83			50	54	79
84			50	79	74
85			54	66	80
86			54	80	79
87			66	70	81
88			66	81	80
89			64	60	82
90			82	60	74
91			76	64	83
92			83	64	82
93			49	61	84
94			49	84	51
95			55	51	85
96			85	51	84
97			67	55	86
98			86	55	85
99			71	67	87
100			87	67	86
101			61	65	88
102			61	88	84
103			65	77	89
104			65	89	88
105			59	47	90
106			90	47	46
107			46	58	91
108			46	91	90
109			58	62	92
110			58	92	91
111			62	42	93
112			62	93	92
113			63	59	94
114			94	59	90
115			75	63	95
116			95	63	94
117			57	53	96
118			96	53	52
119			52	56	97
120			52	97	96
121			56	68	98
122			56	98	97
123			68	73	99
124			68	99	98
125			69	57	100
126			100	57	96
127			72	69	101
128			101	69	100
129			42	71	93
130			71	87	93
131			70	75	95
132			81	70	95
133			73	76	83
134			99	73	83
135			89	77	102
136			102	77	72
137			72	101	102
138			74	79	103
139			74	103	82
140			79	80	103
141			84	88	104
142			84	104	85
143			86	85	104
144			90	91	105
145			90	105	94
146			91	92	105
147			100	96	106
148			106	96	97
149			97	98	106
150			101	100	107
151			107	100	106
152			95	94	108
153			108	94	105
154			88	89	109
155			88	109	104
156			83	82	110
157			110	82	103
158			98	99	111
159			98	111	106
160			87	86	112
161			112	86	104
162			80	81	113
163			80	113	103
164			92	93	114
165			92	114	105
166			106	111	115
167			106	115	107
168			110	103	116
169			116	103	113
170			104	109	117
171			104	117	112
172			105	114	118
173			105	118	108
174			81	95	119
175			119	95	108
176			113	81	119
177			99	83	120
178			120	83	110
179			111	99	120
180			93	87	121
181			93	121	114
182			87	112	121
183			109	89	122
184			122	89	102
185			102	101	123
186			102	123	122
187			101	107	123
188			120	110	124
189			124	110	116
190			108	118	125
191			108	125	119
192			123	107	126
193			126	107	115
194			122	123	127
195			127	123	126
196			109	122	127
197			117	109	127
198			113	119	128
199			128	119	125
200			116	113	128
201			121	112	129
202			129	112	117
203			114	121	130
204			130	121	129
205			118	114	130
206			111	120	131
207			111	131	115
208			120	124	131
209			125	118	130
210			126	115	131
211			129	117	127
212			116	128	132
213			116	132	124
214			128	125	133
215			128	133	132
216			130	129	78
217			78	129	134
218			134	129	127
219			127	126	134
220			133	125	130
221			130	78	133
222			131	124	132
223			134	126	135
224			135	126	131
225			78	134	133
226			132	133	135
227			135	133	134
228			135	131	132
